image: mappbl.pgm
resolution: 0.050000
origin: [-4.354355, -10.335484, 0.000000]
negate: 0
occupied_thresh: 0.65
free_thresh: 0.196

